1;69;25
2;130;9;1;6
=> generate, draw all, simulate, save (to export node data + Swirly QoS at each timestep)

50 fog nodes, 400/750/850 edge nodes (S/N/H series), 1000 timesteps

waypoints:
3;41;53;4
4;59;57;1
5;70;59;4
6;138;36;5
7;202;27;6
8;236;41;7
9;202;43;8
10;169;76;9;6
11;160;79;10
12;106;100;11
13;46;115;12
14;34;112;4;13
15;20;104;3
16;2;115;15
17;22;153;16
18;34;159;17
19;44;154;18
20;54;133;19;13
21;124;111;20;12
22;166;87;21;11
23;176;83;22;10;8
24;254;58;8
25;232;126;24;23
26;154;140;25;22;21
27;122;192;19
28;127;203;18;27
29;136;195;28
30;180;204;29;26
31;210;227;28
32;215;223;31;30
33;234;207;32;25

paths (only first one for validation samples):
4;14;13;20;21;22;23;8;7;6;5;4
4;14;13;12;11;10;9;8;7;6;5;4
4;14;13;12;21;22;23;8;7;6;5;4